615000
546000
326000
311000
310000
335000
305000
305000
302000
303000
449000
317000
321000
330000
735000
783234000
93000
1510000
77000
76000
76000
74000
1464000
2879000
87000
84000
17963000
90000
90000
69000
69000
72000
443000
69000
233000
70000
243000
70000
75000
77000
75000
1230042000
210000
11000
10000
389973000
15000
9000
127000
9000
9000
9000
9000
10000
9000
10000
287061000
16000
14000
2152000
14000
2415000
14000
12000
11000
370000
10000
10000
9000
9000
10000
11000
12000
10000
9000
9000
11000
10000
9000
499000
10000
9000
9000
10000
9000
9000
86000
164000
165000
10000
9000
10000
9000
9000
9000
94000
186000
84000
10000
9000
9000
9000
10000
10000
10000
10000
832000
9000
10000
9000
9000
9000
9000
192000
277000
10000
14000
13000
12000
17000
16000
16000
16000
15000
11000
13000
15000
1841000
15000
15000
3914000
15000
13000
13000
1661000
20000
14000
17000
1646866000
16000
12000
1524000
14000
15000
12000
12000
2006000
14000
1319000
15000
10000
11000
1283000
13000
243470000
168000
10000
16000
13000
10000
1658000
13000
1694000
12000
1358000
12000
903000
963000
14000
2592758000
15000
13000
14000
13000
13000
1389000
14000
12000
12000
12000
13000
13000
12000
13000
12000
15000
1749000
14000
14000
2285730000
14000
9000
14000
14000
455753000
16000
13000
14000
902000
13000
42766000
15000
12000
15000
15000
13000
13000
14000
11000
2792000
14000
1815000
15000
156137000
15000
1269000
14000
14000
12000
11000
1746000
805000
15000
93000
10000
1242000
205695000
15000
13000
2632000
15000
12000
2823000
15000
14000
14000
1708000
14000
13000
14000
12000
977000
12000
1125000
14000
14000
1554000
13000
11000
10000
2187086000
15000
9000
16000
10000
10000
13000
10000
9000
13000
10000
195000
11000
9000
9000
190000
9000
3370129000
14000
9000
122000
10000
9000
788000
81000
9000
10000
10000
9000
10000
303778000
195000
11000
870000
170000
551000
11000
9000
9000
10000
9000
10000
1684000
13000
9000
11000
10000
10000
10000
10000
10000
10000
10000
159000
12000
558000
131000
152000
10000
9000
9000
394000
10000
261000
10000
9000
207000
10000
10000
10000
9000
9000
11000
323000
11000
10000
9000
9000
10000
3384000
14000
13000
1715000
68381000
14000
10000
10000
10000
9000
1465599000
14000
9000
9000
71000
10000
462000
10000
304000
10000
901386000
203000
188000
9000
434000
2058000
14000
14000
14000
14000
13000
10000
1506000
2205000
14000
14000
12000
1431000
1992000
1376000
164418000
16000
9000
11000
15000
14000
107000
15000
15000
15000
15000
14000
15000
15000
15000
14062000
16000
5016000
18000
14000
14000
1711000
16000
99000
11000
16000
14000
1859000
1672000
470939000
16000
2085000
14000
14000
15000
1562000
15000
14000
1248000
15000
15000
3076000
16000
15000
15000
12000
15000
14000
16000
14000
1555000
14000
13000
12000
13000
896000
16000
12000
15000
1636000
16000
14000
16000
10000
9000
12000
10000
9000
9000
12000
9000
10000
644000
11000
160000
9000
190000
1502000
15000
1893000
1941000
226729000
89000
9000
10000
91000
10000
9000
498000
11000
9000
9000
9000
68000
73000
73000
10000
10000
10000
9000
9000
9000
9000
9000
9000
10000
9000
10000
10000
10000
10000
10000
74000
9000
9000
992000
14000
10000
9000
9000
10000
9000
10000
9000
87000
9000
10000
9000
9000
10000
10000
9000
71000
10000
9000
93000
10000
9000
91000
9000
10000
10000
9000
9000
9000
10000
9000
84000
9000
9000
10000
452656000
80000
12000
702000
1172797000
14000
10000
10000
17000
343000
10000
10000
9000
9000
10000
11000
10000
10000
259000
1420713000
14000
10000
9000
9000
9000
76000
9000
9000
9000
10000
88000
9000
9000
9000
9000
10000
10000
10000
170700000
16000
9000
9000
80000
10000
9000
139000
37086000
15000
211000
431000
11000
159000
726173000
16000
1045000
15000
15000
14000
14000
14000
14000
918000
14000
14000
14000
14000
1796000
16000
2923001000
111000
10000
12000
1100000
718000
12000
5388000
15000
1094000
990000
16000
10000
601000
12000
13000
12000
13000
11000
11000
13000
12000
12000
11000
11000
13000
11000
12000
10000
11000
10000
11000
12000
11000
10000
1788000
15000
11000
13000
11000
1457000
406000
14000
12000
90000
19562000
15000
11000
1447000
80000
12000
11000
12000
11000
4303000
15000
12846000
1450000
15000
15000
10000
9000
9000
9000
174000
9000
15000
10000
10000
9000
10000
170000
9000
9000
9000
564000
10000
10000
165000
12681000
16000
1346000
15000
13000
14000
12000
1214000
15000
636000
16000
1996000
13000
10000
9000
12000
10000
9000
10000
9000
173000
10000
9000
9000
9000
10000
10000
9000
12000
9000
142930000
15000
14000
12000
11000
11000
2935000
14000
10000
9000
9000
9000
9000
9000
9000
9000
73000
143000
9000
9000
9000
73000
9000
9000
9000
9000
9000
9000
9000
9000
1087000
11000
10000
72000
9000
9000
169000
9000
9000
9000
10000
511000
11000
9000
10000
12000
298274000
15000
12000
12000
16000
133399000
15000
165000
13000
10000
9000
529000
1071113000
15000
74000
9000
14000
12000
13000
13000
17000
11000
14000
11000
10000
13000
16000
14000
11000
930000
15000
11000
12000
15000
437000
13000
10000
10000
357000
12000
10000
13000
664000
62000
12000
14000
401000
11000
16000
13000
912000
860000
15000
12000
11000
12000
635000
687588000
15000
13000
13000
1149000
2288000
14000
11000
12000
1664000
14000
12000
13000
11000
12000
10000
10000
12000
2848193000
15000
9000
72000
73000
9000
343000
13000
89000
14000
14000
11000
14000
14000
15000
1293000
16000
1920000
761000
15000
13000
14000
13000
1476000
1097000
422000
14000
578034000
15000
13000
1672000
14000
12000
12000
12000
979000
12000
954000
100845000
17000
11000
171000
177000
16000
10000
9000
9000
9000
9000
9000
9000
9000
10000
9000
9000
9000
16000
792000
13000
13000
12000
12000
487000
10000
576000
20000
18000
14000
11000
21000
7768000
15000
11000
9000
10000
9000
12000
11000
12000
12000
11000
15000
10000
9000
12000
17904000
15000
85266000
14000
14000
11000
19000
9000
5164000
322000
10000
9000
10000
12000
10000
10000
13740000
16000
12000
14000
13000
18000
9000
12000
12000
13000
76318000
415000
73000
9000
76000
774000
11000
10000
12000
13000
2484322000
2641000
15000
6663000
16000
641656000
15000
1839000
15000
13000
1646000
14000
1532000
15000
1846000
1395000
14000
16000
14000
13000
14000
13000
15000
13000
13000
16000
14000
14000
14000
15000
16000
15000
142000
167000
334000
165000
9000
9000
284000
10000
11000
9000
10000
172000
352000
12000
9000
9000
10000
9000
10000
10000
162000
143433000
15000
15000
9000
15000
72000
73000
134000
9000
112000
745000
12000
10000
9000
11000
9000
2166434000
15000
9000
9000
9000
1325958000
14000
9000
9000
14000
11000
12000
996000
15000
13000
11000
11000
11000
366000
1029000
13000
768000
1162000
13000
1121345000
1680000
16000
14000
14000
14000
9000
2337000
15000
89000
11000
14000
15000
11000
1337000
15000
12000
13000
13000
13000
704000
14000
13000
11000
13000
11000
14000
495000
13000
15000
10000
13000
15000
1990000
15000
1231000
15000
15000
14000
1521000
912415000
15000
12000
11000
11000
12000
954000
11000
373000
11000
15000
12000
11000
10000
1239000
13000
14000
12000
13000
11000
10000
11000
12000
11000
12000
12000
941000
13000
11000
938000
13000
14000
12000
11000
785000
162033000
15000
9000
13000
13000
10000
13000
14000
13000
12000
2070263000
88000
584016000
15000
593714000
15000
234000
12000
1431000
1166753000
16000
10000
80000
9000
9000
9000
9000
9000
9000
9000
9000
9000
9000
9000
9000
9000
483000
119733000
16000
512990000
970000
13000
10000
12000
388000
2000000
14000
13000
12000
724088000
106000
9000
9000
13000
10000
13000
10000
14000
12000
12000
11000
11000
1094000
14000
11000
11000
12000
11000
12000
10000
12000
10000
1356000
13000
12000
11000
12000
12000
13000
12000
1361000
14000
816983000
16000
1303000
14000
13000
1313000
15000
14000
15000
1557000
15000
11000
102000
12000
13000
11000
1465000
15000
14000
12000
16000
14000
14000
3199000
11088000
2405000
15000
14000
14000
15000
1731484000
15000
9000
44000
9000
13000
10000
819263000
771000
13000
374000
1223000
14000
12000
784000
13000
13000
11000
11000
10000
10000
11000
9000
10000
12000
11000
14000
10000
13000
10000
14000
2039000
14000
13000
15000
12000
12000
9000
52072000
16000
3399000
14000
12000
12000
12000
13000
10000
13000
10000
10000
15000
1227000
13000
14000
15000
13000
9945000
14000
10000
164000
169000
187000
171000
176000
10000
10000
9000
530000
195000
9000
10000
10000
9000
10000
161000
9000
1709000
2386000
15000
16000
10000
225000
11000
9000
4595000
16000
10000
179000
9000
9000
9000
11000
11000
17000
10000
9000
10000
9000
10000
162000
9000
9000
9000
9000
9000
9000
175000
11000
612000
13000
11000
11000
16000
10000
76000
70000
9000
74000
10000
51000
9000
9000
9000
9000
11000
9000
172000
9000
9000
10000
9000
10000
10000
9000
9000
9000
13000
10000
9000
9000
97647000
1905000
14000
11000
16000
9000
9000
2090000
15000
10000
11000
12000
13000
13000
2015000
558000
11000
9000
10000
11000
14000
15000
12000
14000
13000
12000
12000
11000
13000
1513000
16000
13000
12000
13000
13000
12000
1965000
15000
10000
10000
13000
13000
17000
13000
15000
10000
9000
8825000
15000
13000
14000
10000
9000
279000
10000
16000
13000
12000
14000
13000
832000
11000
11000
11000
12000
2202740000
111000
74000
10000
3518000
15000
2130313000
14000
9000
13000
11000
12000
12000
1534000
13000
14000
2011000
12000
10000
12000
56000
10000
9000
10000
10000
3370385000
15000
9000
9000
9000
9000
9000
10000
10000
10000
9000
209000
142000
144000
10000
9000
10000
9000
183000
10000
9000
9000
9000
383000
10000
9000
9000
9000
9000
9000
9000
507000
11000
10000
2146001000
14000
1203000
14000
15000
1013000
14000
1126000
14000
15000
1147514000
14000
16000
13000
9000
670000
11000
11000
11000
13000
1130662000
15000
10000
11000
12000
1436000
2486000
12000
1381000
12000
1026000
12000
13000
12000
241909000
15000
13000
12000
11000
9000
11000
13000
12000
11000
356000
443000
13000
11000
1105000
13000
77974000
15000
2127000
15000
11000
12000
12000
12000
14000
15000
10000
9000
9000
10000
9000
178000
9000
10000
166000
598761000
15000
13000
10000
1102000
15000
828000
12000
12000
216000
10000
11000
9000
10000
10000
10000
10000
10000
11000
12000
11000
11000
890000
12000
13000
13000
934065000
16000
10000
10000
15000
12000
13000
1455000
15000
864168000
4034000
1513000
329181000
16000
9000
1347000
14000
12000
1282000
1032000
616000
1178000
14000
11000
14000
13000
13000
393000
1118000
14000
1310000
662000
13000
126169000
15000
11000
13000
15000
13000
13000
15000
11000
15000
14000
13000
1578000
14000
12000
11000
13000
12000
12000
10000
12000
14000
11000
13000
304886000
15000
11000
13000
13000
10000
9000
11000
11000
46000
10000
359794000
17000
448000
10000
276000
72000
9000
10000
277000
10000
9000
135000
10000
10000
9000
9000
9000
9000
9000
9000
246000
10000
9000
9000
10000
10000
9000
10000
9000
10000
10000
9000
11000
9000
11000
10000
9000
10000
9000
11000
283000
11000
248299000
14000
1221521000
15000
9000
11000
3299000
15000
11000
12000
1924000
15000
664000
14000
17000
14000
13000
12000
12000
12000
1279000
14000
12000
12000
12000
13000
15000
13000
11000
12000
1276000
13000
12000
13000
82000
12000
12000
11000
12000
1884000
14000
10000
15000
202000
10000
9000
10000
329000
9000
10000
10000
9000
9000
1141000
12000
10000
10000
272000
10000
2646748000
15000
116000
9000
72000
9000
499958000
884616000
15000
131000
13000
11000
12000
4158000
15000
15000
14000
1869000
15000
14000
11000
9000
1217000
14000
14000
1377000
13000
12000
10000
10000
11000
14000
13000
1147000
14000
14000
12000
13000
460000
754000
545000
93000
1069677000
15000
78900000
15000
1047837000
85000
10000
4505814000
15000
9000
9000
74000
12000
12000
12000
13000
847000
13000
700000
14000
12000
11000
11000
996000
15000
12000
10000
10000
3411453000
14000
9000
9000
1382000
14000
10000
11000
11000
12000
11000
300000
10000
40000
629000
11000
11000
11000
11000
14000
894733000
15000
76000
10000
10000
204000
44278000
217000
9000
10000
9000
11000
9000
9000
10000
10000
9000
9000
9000
11000
10000
1383000
16000
9000
9000
500000
10000
12000
10000
10000
10000
10000
9000
10000
9000
9000
273000
10000
849000
10000
10000
11000
10000
641000
86000
9000
131000
9000
599000
10000
10000
1332461000
125000
14000
12000
12000
516000
13000
10000
9000
10000
10000
209000
9000
11000
591000
464000
623000
14000
13000
11000
431000
13000
11000
13000
337000
10000
12000
11000
11000
78000
1335000
1214000
13000
10000
13000
10000
11000
1037000
12000
12000
11000
9000
12000
12000
10000
10000
13000
10000
14000
1407000
2317000
14000
14000
15000
1713000
14000
12000
1470000
13000
9000
10000
10000
12000
10000
9000
9000
9000
10000
1224000
72000
94000
9000
9000
9000
1730000
17000
10000
9000
11000
10000
1485000
15000
14000
1516000
779000
1629000
15000
13000
13000
730000
12000
12000
14000
13000
3382363000
14000
12000
1487000
14000
14000
12000
11000
11000
12000
362000
15000
12000
12000
13000
12000
415000
11000
